R	3.2686	1.6065	0.9338	1477010443250000	-0.0079	2.9498	-0.0628	0.9980
L	0.2904	3.0829	1477010443650000	-0.0611	3.3460	-0.1874	0.9823
R	3.5326	1.6698	1.3858	1477010444050000	-0.1635	3.7324	-0.3090	0.9511
L	-0.1626	3.9457	1477010444450000	-0.3136	4.1029	-0.4258	0.9048
R	4.7633	1.6804	0.0272	1477010444850000	-0.5089	4.4517	-0.5358	0.8443
L	-0.5206	4.9739	1477010445250000	-0.7464	4.7732	-0.6374	0.7705
R	5.5520	1.7528	0.7259	1477010445650000	-1.0223	5.0624	-0.7290	0.6845
L	-1.3423	5.2659	1477010446050000	-1.3323	5.3148	-0.8090	0.5878
R	5.6852	1.8795	0.5426	1477010446450000	-1.6715	5.5264	-0.8763	0.4818
L	-2.0593	5.4293	1477010446850000	-2.0345	5.6937	-0.9298	0.3681
R	6.0344	1.9180	0.1787	1477010447250000	-2.4157	5.8143	-0.9686	0.2487
L	-2.8755	6.1514	1477010447650000	-2.8089	5.8861	-0.9921	0.1253
R	6.6851	2.0765	0.7295	1477010448050000	-3.2080	5.9080	-1.0000	0.0000
L	-3.2134	5.7027	1477010448450000	-3.6068	5.8798	-0.9921	-0.1253
R	6.9884	2.1803	0.3215	1477010448850000	-3.9988	5.8018	-0.9686	-0.2487
L	-4.4963	5.7085	1477010449250000	-4.3780	5.6753	-0.9298	-0.3681
R	6.8537	2.2819	0.3675	1477010449650000	-4.7384	5.5023	-0.8763	-0.4817
L	-5.2830	5.0308	1477010450050000	-5.0742	5.2854	-0.8090	-0.5878
R	7.3652	2.3509	0.0061	1477010450450000	-5.3802	5.0282	-0.7290	-0.6845
L	-5.7247	4.6088	1477010450850000	-5.6515	4.7347	-0.6374	-0.7705
R	7.3855	2.5115	0.0836	1477010451250000	-5.8840	4.4095	-0.5358	-0.8443
L	-6.1341	4.3314	1477010451650000	-6.0738	4.0577	-0.4258	-0.9048
R	6.9820	2.6457	0.2084	1477010452050000	-6.2180	3.6848	-0.3090	-0.9511
L	-6.2206	3.1521	1477010452450000	-6.3144	3.2969	-0.1874	-0.9823
R	6.6075	2.7143	-0.3746	1477010452850000	-6.3614	2.8999	-0.0628	-0.9980
L	-6.5282	2.6403	1477010453250000	-6.3582	2.5002	0.0628	-0.9980
