L	0.0821	2.9783	1477010443350000	-0.0165	3.0494	-0.0941	0.9956
R	3.3371	1.6222	1.2872	1477010443750000	-0.0821	3.4438	-0.2181	0.9759
L	-0.0587	3.7151	1477010444150000	-0.1966	3.8267	-0.3387	0.9409
R	4.4120	1.6397	1.1810	1477010444550000	-0.3583	4.1923	-0.4540	0.8910
L	-0.9131	4.4512	1477010444950000	-0.5645	4.5348	-0.5621	0.8271
R	5.2425	1.7372	1.1006	1477010445350000	-0.8119	4.8487	-0.6613	0.7501
L	-1.1626	5.0819	1477010445750000	-1.0968	5.1292	-0.7501	0.6613
R	4.9671	1.8271	0.7966	1477010446150000	-1.4146	5.3717	-0.8271	0.5621
L	-1.6278	5.7513	1477010446550000	-1.7602	5.5725	-0.8910	0.4540
R	6.0296	1.8736	0.6079	1477010446950000	-2.1283	5.7283	-0.9409	0.3387
L	-2.7188	5.9143	1477010447350000	-2.5131	5.8368	-0.9759	0.2181
R	6.7404	2.0057	0.4546	1477010447750000	-2.9084	5.8963	-0.9956	0.0941
L	-3.5037	5.8327	1477010448150000	-3.3080	5.9057	-0.9995	-0.0314
R	6.5402	2.1666	-0.0187	1477010448550000	-3.7057	5.8649	-0.9877	-0.1564
L	-3.9078	5.6625	1477010448950000	-4.0951	5.7747	-0.9603	-0.2790
R	6.7501	2.1903	0.4474	1477010449350000	-4.4701	5.6363	-0.9178	-0.3971
L	-4.7995	5.5102	1477010449750000	-4.8248	5.4521	-0.8607	-0.5090
R	7.2031	2.3995	0.0823	1477010450150000	-5.1537	5.2248	-0.7902	-0.6129
L	-5.5325	5.2549	1477010450550000	-5.4515	4.9581	-0.7071	-0.7071
R	7.4013	2.4887	0.0958	1477010450950000	-5.7134	4.6562	-0.6129	-0.7901
L	-5.5344	4.3077	1477010451350000	-5.9355	4.3238	-0.5091	-0.8607
R	7.4396	2.5447	-0.0937	1477010451750000	-6.1142	3.9662	-0.3972	-0.9177
L	-6.6190	3.7603	1477010452150000	-6.2467	3.5890	-0.2790	-0.9603
R	7.0399	2.7014	-0.3173	1477010452550000	-6.3308	3.1983	-0.1564	-0.9877
L	-6.3045	2.8571	1477010452950000	-6.3653	2.8000	-0.0314	-0.9995
R	6.6483	2.7969	-0.7266	1477010453350000	-6.3496	2.4006	0.0941	-0.9956
L	-6.5838	1.8275	1477010453750000	-6.2840	2.0063	0.2181	-0.9759
R	6.8670	2.9242	-0.2789	1477010454150000	-6.1694	1.6233	0.3387	-0.9409
L	-6.2474	1.0758	1477010454550000	-6.0078	1.2577	0.4540	-0.8910
R	6.2098	2.9687	-0.1667	1477010454950000	-5.8016	0.9152	0.5621	-0.8271
L	-5.5276	0.5273	1477010455350000	-5.5541	0.6013	0.6613	-0.7501
R	5.2553	3.0999	-0.8527	1477010455750000	-5.2693	0.3208	0.7501	-0.6613
